![wpn_gauss]	
        scope_zoom_factor                = 12
        scope_texture                    =
		scope_dynamic_zoom               = on

	s3ds_reticle_size 	= 5
	s3ds_image_type 	= 2
	s3ds_reticle_type 	= 6
	ms_count 			= 2
	magnification 		= 10
	
lewd_lens_hide_enabled       = true
lewd_lens_hide_bone          = scope1
lewd_lens_hide_delays        = 0.1,0
lewd_lens_hide_aim_mode      = true, false, false			
![wpn_gauss_hud]
        aim_hud_offset_pos               = -0.05339, -0.004942, -0.043476
        aim_hud_offset_pos_16x9          = -0.05339, -0.004942, -0.043476
        aim_hud_offset_rot               = 0.004484, -0.00365, -0.005
        aim_hud_offset_rot_16x9          = 0.004484, -0.00365, -0.005
        base_hud_offset_pos              = 0.057752, -0.052638, 0.013366
        base_hud_offset_pos_16x9         = 0.057752, -0.052638, 0.013366
        base_hud_offset_rot              = -0.041512, -0.058468, 0
        base_hud_offset_rot_16x9         = -0.041512, -0.058468, 0
        lowered_hud_offset_pos           = 0.18552, -0.045793, 0.094924
        lowered_hud_offset_pos_16x9      = 0.18552, -0.045793, 0.094924
		
![wpn_gauss_quest]		
        scope_zoom_factor                = 12
        scope_texture                    =
		scope_dynamic_zoom               = on

	s3ds_reticle_size 	= 5
	s3ds_image_type 	= 2
	s3ds_reticle_type 	= 6
	ms_count 			= 2
	magnification 		= 10
	
lewd_lens_hide_enabled       = true
lewd_lens_hide_bone          = scope1
lewd_lens_hide_delays        = 0.1,0
lewd_lens_hide_aim_mode      = true, false, false			
![wpn_gauss_quest_hud]				
        aim_hud_offset_pos               = -0.05339, -0.004942, -0.043476
        aim_hud_offset_pos_16x9          = -0.05339, -0.004942, -0.043476
        aim_hud_offset_rot               = 0.004484, -0.00365, -0.005
        aim_hud_offset_rot_16x9          = 0.004484, -0.00365, -0.005
        base_hud_offset_pos              = 0.057752, -0.052638, 0.013366
        base_hud_offset_pos_16x9         = 0.057752, -0.052638, 0.013366
        base_hud_offset_rot              = -0.041512, -0.058468, 0
        base_hud_offset_rot_16x9         = -0.041512, -0.058468, 0
        lowered_hud_offset_pos           = 0.18552, -0.045793, 0.094924
        lowered_hud_offset_pos_16x9      = 0.18552, -0.045793, 0.094924	